nthroot(-5,3)

ans =

   -1.7100

(-5)^(1/3)

ans =

   0.8550 + 1.4809i

 (0.8550 + 1.4809i)^3

ans =

  -5.0002 + 0.0000i

(-1.7100)^3

ans =

   -5.0002

ans =

   -1.7100

   