a=[15,3,22;3,8,5;14,3,82]
D=a(:,3);
b=[1;5;6]
c=[12 18 5 2]
e=[b,D]
f=[b;D]
h=[a(1,3),c(1,2),b(2,1)]